0 0     5 -4     5 5     
0 0     5 -4     3.75 1.5     
0 0     3.4375 -1.625     3.75 1.5     
1.796875 -0.03125     3.4375 -1.625     3.75 1.5     
2.6953125 -0.046875     3.4375 -1.625     3.75 1.5     
3.14453125 -0.0546875     3.4375 -1.625     3.75 1.5     
3.14453125 -0.0546875     3.4375 -1.625     3.5205078125 0.330078125     
3.8134765625 -1.240234375     3.4375 -1.625     3.5205078125 0.330078125     
3.8134765625 -1.240234375     3.4375 -1.625     3.572998046875 -0.55126953125     
3.8134765625 -1.240234375     3.4375 -1.625     3.677978515625 -2.31396484375     
3.68560791015625 -1.6048583984375     3.4375 -1.625     3.677978515625 -2.31396484375     
3.68560791015625 -1.6048583984375     3.4375 -1.625     3.61976623535156 -1.96444702148438     
3.60712051391602 -1.69979095458984     3.4375 -1.625     3.61976623535156 -1.96444702148438     
3.60712051391602 -1.69979095458984     3.52547168731689 -1.72855949401855     3.61976623535156 -1.96444702148438     
3.58986973762512 -1.77314710617065     3.52547168731689 -1.72855949401855     3.61976623535156 -1.96444702148438     
3.58986973762512 -1.77314710617065     3.56514483690262 -1.79867827892303     3.61976623535156 -1.96444702148438     
3.58986973762512 -1.77314710617065     3.56514483690262 -1.79867827892303     3.59863676130772 -1.87517985701561     
3.57790132984519 -1.86882004886866     3.56514483690262 -1.79867827892303     3.59863676130772 -1.87517985701561     
3.57790132984519 -1.86882004886866     3.57670694123954 -1.83533911593258     3.59863676130772 -1.87517985701561     
3.57790132984519 -1.86882004886866     3.57670694123954 -1.83533911593258     3.58797044842504 -1.86362971970811     
3.58455737732584 -1.8398166022962     3.57670694123954 -1.83533911593258     3.58797044842504 -1.86362971970811     
3.58455737732584 -1.8398166022962     3.58148542705749 -1.84353113846737     3.58797044842504 -1.86362971970811     
3.58455737732584 -1.8398166022962     3.58148542705749 -1.84353113846737     3.58549592530835 -1.85265179504495     
3.58402402675438 -1.84395403452618     3.58148542705749 -1.84353113846737     3.58549592530835 -1.85265179504495     
3.58402402675438 -1.84395403452618     3.58312270154443 -1.84591702662647     3.58549592530835 -1.85265179504495     
3.58402402675438 -1.84395403452618     3.58312270154443 -1.84591702662647     3.58453464472888 -1.84879366281064     
3.58373099632779 -1.84905599981474     3.58312270154443 -1.84591702662647     3.58453464472888 -1.84879366281064     
3.58373099632779 -1.84905599981474     3.58362776103638 -1.84742092896958     3.58453464472888 -1.84879366281064     
3.58443140943747 -1.84715859196547     3.58362776103638 -1.84742092896958     3.58453464472888 -1.84879366281064     
3.58443140943747 -1.84715859196547     3.58405539405978 -1.84769852817882     3.58453464472888 -1.84879366281064     
3.5843632144159 -1.8477023437301     3.58405539405978 -1.84769852817882     3.58453464472888 -1.84879366281064     
3.5843632144159 -1.8477023437301     3.58425216181608 -1.84797326572459     3.58453464472888 -1.84879366281064     
3.5843632144159 -1.8477023437301     3.58425216181608 -1.84797326572459     3.58442116642243 -1.84831573376899     
3.58434993926758 -1.84792342173845     3.58425216181608 -1.84797326572459     3.58442116642243 -1.84831573376899     
3.58434993926758 -1.84792342173845     3.58451894387393 -1.84826588978284     3.58442116642243 -1.84831573376899     
3.58440999720788 -1.84810711675718     3.58451894387393 -1.84826588978284     3.58442116642243 -1.84831573376899     
3.58440999720788 -1.84810711675718     3.58446726284454 -1.84823865752297     3.58442116642243 -1.84831573376899     
3.58440999720788 -1.84810711675718     3.58446726284454 -1.84823865752297     3.58445609362999 -1.84803004051116     
3.58440999720788 -1.84810711675718     3.58445015413174 -1.84815361807857     3.58445609362999 -1.84803004051116     
3.58440999720788 -1.84810711675718     3.58445015413174 -1.84815361807857     3.5844430846499 -1.84808020396452     
3.58440999720788 -1.84810711675718     3.58445015413174 -1.84815361807857     3.58443658015985 -1.84810528569119     
3.58440999720788 -1.84810711675718     3.5844367214078 -1.84812990965138     3.58443658015985 -1.84810528569119    
