1 0     0 1.5     2 2     
1 0     0 1.5     -0.25 0.125     
1 0     0.1875 0.78125     -0.25 0.125     
-1.0625 0.90625     0.1875 0.78125     -0.25 0.125     
-1.0625 0.90625     -0.234375 0.6484375     -0.25 0.125     
-1.0625 0.90625     -0.4453125 0.58203125     -0.25 0.125     
-1.0625 0.90625     -0.76171875 0.482421875     -0.25 0.125     
-0.7841796875 0.60498046875     -0.76171875 0.482421875     -0.25 0.125     
-0.7841796875 0.60498046875     -0.639404296875 0.4237060546875     -0.25 0.125     
-0.105224609375 -0.0562744140625     -0.639404296875 0.4237060546875     -0.25 0.125     
-0.105224609375 -0.0562744140625     -0.40850830078125 0.229034423828125     -0.25 0.125     
-0.105224609375 -0.0562744140625     -0.293060302734375 0.131698608398438     -0.25 0.125     
-0.105224609375 -0.0562744140625     -0.293060302734375 0.131698608398438     -0.148284912109375 -0.0495758056640625     
-0.105224609375 -0.0562744140625     -0.209907531738281 0.0393867492675781     -0.148284912109375 -0.0495758056640625     
-0.105224609375 -0.0562744140625     -0.209907531738281 0.0393867492675781     -0.166847229003906 0.0326881408691406     
-0.146800994873047 -0.0101184844970703     -0.209907531738281 0.0393867492675781     -0.166847229003906 0.0326881408691406     
-0.146800994873047 -0.0101184844970703     -0.0506572723388672 -0.0449190139770508     -0.166847229003906 0.0326881408691406     
-0.0326547622680664 0.00189065933227539     -0.0506572723388672 -0.0449190139770508     -0.166847229003906 0.0326881408691406     
-0.0326547622680664 0.00189065933227539     -0.0506572723388672 -0.0449190139770508     -0.104251623153687 0.00558698177337646     
-0.0326547622680664 0.00189065933227539     -0.0595552325248718 -0.0205900967121124     -0.104251623153687 0.00558698177337646     
-0.0326547622680664 0.00189065933227539     -0.0595552325248718 -0.0205900967121124     0.0701882541179657 -0.0392231196165085     
-0.0326547622680664 0.00189065933227539     0.175410702824593 -0.0148184970021248     0.0701882541179657 -0.0392231196165085     
0.0450723581016064 -0.0125650744885206     0.175410702824593 -0.0148184970021248     0.0701882541179657 -0.0392231196165085     
0.0450723581016064 -0.0125650744885206     0.175410702824593 -0.0148184970021248     0.190348083153367 0.0373708819970489     
0.251782910432667 0.0231968259904534     0.175410702824593 -0.0148184970021248     0.190348083153367 0.0373708819970489     
0.251782910432667 0.0231968259904534     0.312375084729865 0.120488555985503     0.190348083153367 0.0373708819970489     
0.251572247187141 0.0510632724908646     0.312375084729865 0.120488555985503     0.190348083153367 0.0373708819970489     
0.251572247187141 0.0510632724908646     0.312375084729865 0.120488555985503     0.465224831568776 0.182585978720454     
0.5260276691115 0.252011262215092     0.312375084729865 0.120488555985503     0.465224831568776 0.182585978720454     
0.5260276691115 0.252011262215092     0.404000667535001 0.168893588226638     0.465224831568776 0.182585978720454     
0.5260276691115 0.252011262215092     0.404000667535001 0.168893588226638     0.464803505077725 0.238318871721276     
0.5260276691115 0.252011262215092     0.586830506654223 0.32143654570973     0.464803505077725 0.238318871721276     
0.5260276691115 0.252011262215092     0.586830506654223 0.32143654570973     0.510616296480293 0.262521387841844     
0.594114866478776 0.371914375897177     0.586830506654223 0.32143654570973     0.510616296480293 0.262521387841844     
0.594114866478776 0.371914375897177     0.586830506654223 0.32143654570973     0.670329076652706 0.430829533765063     
0.594114866478776 0.371914375897177     0.677613436477259 0.48130736395251     0.670329076652706 0.430829533765063     
0.753827646651189 0.540222521820397     0.677613436477259 0.48130736395251     0.670329076652706 0.430829533765063     
0.753827646651189 0.540222521820397     0.694845899064603 0.48341669587262     0.670329076652706 0.430829533765063     
0.753827646651189 0.540222521820397     0.694845899064603 0.48341669587262     0.832352165268276 0.673799759009398     
0.77337041768169 0.616993933061622     0.694845899064603 0.48341669587262     0.832352165268276 0.673799759009398     
0.77337041768169 0.616993933061622     0.910876683885363 0.8073769961984     0.832352165268276 0.673799759009398     
0.822492421129255 0.67879115533276     0.910876683885363 0.8073769961984     0.832352165268276 0.673799759009398     
0.822492421129255 0.67879115533276     0.910876683885363 0.8073769961984     0.935349326985374 0.881652709277944     
0.822492421129255 0.67879115533276     0.894898778971339 0.793799464251876     0.935349326985374 0.881652709277944     
0.868808237053805 0.758258621048835     0.894898778971339 0.793799464251876     0.935349326985374 0.881652709277944     
0.961439868902907 0.917193552480985     0.894898778971339 0.793799464251876     0.935349326985374 0.881652709277944     
0.961439868902907 0.917193552480985     1.05538623588975 1.11067046413464     0.935349326985374 0.881652709277944     
0.961439868902907 0.917193552480985     1.05538623588975 1.11067046413464     0.97188118969085 0.947792358792878     
0.987536790846603 0.973212481972372     1.05538623588975 1.11067046413464     0.97188118969085 0.947792358792878     
0.987536790846603 0.973212481972372     1.01754761307924 1.03558644225863     0.97188118969085 0.947792358792878     
0.987536790846603 0.973212481972372     1.01754761307924 1.03558644225863     0.987211695826885 0.97609591045419     
0.994958222649832 0.989526829164392     1.01754761307924 1.03558644225863     0.987211695826885 0.97609591045419     
0.994958222649832 0.989526829164392     1.01754761307924 1.03558644225863     0.996732306845709 0.994326273082851     
0.994958222649832 0.989526829164392     1.0066964389135 1.01375649669113     0.996732306845709 0.994326273082851     
0.994958222649832 0.989526829164392     1.0066964389135 1.01375649669113     0.998779818813688 0.997983968005306     
0.994958222649832 0.989526829164392     1.00178272982263 1.00375594763799     0.998779818813688 0.997983968005306     
0.997619748483996 0.995198393493019     1.00178272982263 1.00375594763799     0.998779818813688 0.997983968005306     
0.997619748483996 0.995198393493019     1.00178272982263 1.00375594763799     1.00016194932313 1.0002237718456     
0.997619748483996 0.995198393493019     1.0003367893631 1.00073351515365     1.00016194932313 1.0002237718456     
0.998934558913554 0.997838518496323     1.0003367893631 1.00073351515365     1.00016194932313 1.0002237718456     
0.999591964128332 0.999158580997974     1.0003367893631 1.00073351515365     1.00016194932313 1.0002237718456     
0.999591964128332 0.999158580997974     1.0003367893631 1.00073351515365     1.00006316303442 1.00008490996071     
0.999591964128332 0.999158580997974     1.00008217647224 1.0001776303165     1.00006316303442 1.00008490996071     
0.99983231694083 0.999644925568288     1.00008217647224 1.0001776303165     1.00006316303442 1.00008490996071     
0.99983231694083 0.999644925568288     1.00008217647224 1.0001776303165     0.99990428854259 0.999824461933233     
0.999912774724122 0.999822985846576     1.00008217647224 1.0001776303165     0.99990428854259 0.999824461933233     
0.999912774724122 0.999822985846576     1.00008217647224 1.0001776303165     1.00009066265377 1.00017615422984     
0.999912774724122 0.999822985846576     1.00004194758059 1.00008860017735     1.00009066265377 1.00017615422984  
